4
7
-2.44141 -2.44141 -2.44141 1.55859
-2.44141 -2.44141 1.55859 2.44141
-2.44141 1.55859 -2.44141 -2.44141
-2.44141 1.55859 -2.44141 1.55859
1.55859 2.44141 -2.44141 -2.44141
-2.44141 1.55859 1.55859 1.55859
1.55859 1.55859 -2.44141 1.55859
8
-2.44141 -2.44141 2.44141 6.44141
-2.44141 -2.44141 1.55859 2.44141
-2.44141 1.55859 6.44141 6.44141
1.55859 1.55859 6.44141 6.44141
-2.44141 1.55859 2.44141 6.44141
1.55859 1.55859 6.44141 6.44141
1.55859 1.55859 2.44141 6.44141
1.55859 2.44141 6.44141 6.44141
3
-2.44141 1.55859 1.55859 1.55859
-2.44141 1.55859 1.55859 2.44141
1.55859 1.55859 1.55859 1.55859
8
2.44141 6.44141 -2.44141 -2.44141
6.44141 6.44141 -2.44141 1.55859
1.55859 2.44141 -2.44141 -2.44141
6.44141 6.44141 1.55859 1.55859
6.44141 6.44141 1.55859 1.55859
2.44141 6.44141 -2.44141 1.55859
6.44141 6.44141 1.55859 2.44141
2.44141 6.44141 1.55859 1.55859
3
1.55859 1.55859 -2.44141 1.55859
1.55859 1.55859 1.55859 1.55859
1.55859 2.44141 -2.44141 1.55859
0
3
1.55859 1.55859 1.55859 1.55859
1.55859 1.55859 1.55859 2.44141
1.55859 2.44141 1.55859 1.55859
10
2.44141 6.44141 6.44141 6.44141
2.44141 2.44141 6.44141 6.44141
2.44141 2.44141 6.44141 6.44141
6.44141 6.44141 2.44141 6.44141
1.55859 2.44141 6.44141 6.44141
6.44141 6.44141 2.44141 2.44141
2.44141 6.44141 2.44141 6.44141
6.44141 6.44141 2.44141 2.44141
2.44141 6.44141 2.44141 2.44141
6.44141 6.44141 1.55859 2.44141
1
1.55859 1.55859 1.55859 1.55859
3
1.55859 1.55859 2.44141 6.44141
1.55859 1.55859 2.44141 2.44141
1.55859 2.44141 2.44141 6.44141
3
1.55859 1.55859 2.44141 2.44141
1.55859 1.55859 1.55859 2.44141
1.55859 2.44141 2.44141 2.44141
3
2.44141 6.44141 1.55859 1.55859
2.44141 6.44141 1.55859 2.44141
2.44141 2.44141 1.55859 1.55859
1
1.55859 2.44141 1.55859 1.55859
1
1.55859 2.44141 2.44141 2.44141
1
1.55859 2.44141 1.55859 2.44141

2.34375 2.44141
